start=2911.464978
ontop=no
brightness=-1.000000
