start=14.839000
ontop=no
ab-loop-a=3.975000
