start=490.733000
volume=100.000000
ontop=no
