start=3315.940867
ontop=no
brightness=-1.000000
