start=3331.129056
speed=2.143589
ontop=no
