start=26.667000
volume=100.000000
deinterlace=yes
