start=4.275444
speed=1.464100
volume=100.000000
ontop=no
gamma=-1.000000
brightness=-4.000000
contrast=1.000000
saturation=-1.000000
deinterlace=yes
